3 0.415831 0.270874 0.006689 0.017476
2 0.429766 0.272816 0.005574 0.017476
14 0.599777 0.307767 0.015608 0.056311
5 0.166667 0.333981 0.039019 0.186408
12 0.488852 0.287379 0.007804 0.031068
17 0.369710 0.889535 0.064588 0.093023
17 0.583519 0.819767 0.060134 0.085271
17 0.716036 0.720930 0.051225 0.073643
17 0.355791 0.502907 0.036748 0.036822
17 0.376392 0.414729 0.028953 0.019380
17 0.418708 0.415698 0.024499 0.017442
17 0.606347 0.475775 0.025612 0.029070
17 0.537305 0.493217 0.036748 0.029070
17 0.440423 0.502907 0.034521 0.040698
