2 0.209030 0.353398 0.007804 0.023301
3 0.196767 0.355340 0.005574 0.023301
5 0.673356 0.656311 0.124861 0.384466
6 0.853400 0.346602 0.016722 0.106796
7 0.833333 0.344660 0.016722 0.087379
8 0.748049 0.355340 0.015608 0.046602
9 0.688406 0.351456 0.012263 0.042718
14 0.461538 0.389320 0.013378 0.064078
12 0.280936 0.369903 0.011148 0.033010
17 0.175390 0.521318 0.021158 0.023256
17 0.211581 0.513566 0.028953 0.023256
17 0.158686 0.459302 0.018931 0.023256
17 0.390312 0.567829 0.018931 0.023256
17 0.344098 0.597868 0.028953 0.032946
17 0.548441 0.913760 0.045657 0.087209
17 0.580735 0.748062 0.038976 0.065891
17 0.197661 0.660853 0.030067 0.038760
17 0.271715 0.633721 0.026726 0.031008
