14 0.845039 0.336893 0.037904 0.067961
17 0.327394 0.837209 0.126949 0.104651
17 0.825167 0.818798 0.135857 0.091085
17 0.388085 0.573643 0.043430 0.023256
17 0.440423 0.527132 0.034521 0.019380
17 0.516704 0.527132 0.033408 0.019380
17 0.542873 0.570736 0.041203 0.044574
17 0.712138 0.572674 0.061247 0.040698
17 0.845768 0.567829 0.056793 0.038760
17 0.979955 0.565891 0.037862 0.027132
17 0.744989 0.429264 0.026726 0.036822
17 0.777840 0.427326 0.016704 0.036822
17 0.750000 0.499031 0.043430 0.040698
