0 0.672241 0.389320 0.008919 0.025243
1 0.656633 0.390291 0.006689 0.023301
5 0.163880 0.404854 0.022297 0.067961
12 0.565217 0.398058 0.008919 0.023301
15 0.522854 0.427184 0.013378 0.058252
9 0.924192 0.466019 0.026756 0.159223
17 0.688196 0.610465 0.024499 0.034884
17 0.619710 0.606589 0.025612 0.034884
17 0.552339 0.604651 0.028953 0.027132
17 0.420935 0.575581 0.028953 0.023256
17 0.435412 0.903101 0.046771 0.081395
17 0.334076 0.808140 0.046771 0.050388
17 0.252784 0.716085 0.053452 0.048450
