5 0.363991 0.359223 0.010033 0.054369
5 0.353958 0.361165 0.012263 0.050485
8 0.303790 0.703883 0.143813 0.576699
9 0.813824 0.565049 0.071349 0.326214
15 0.610368 0.364078 0.016722 0.060194
12 0.724080 0.342718 0.010033 0.029126
17 0.713808 0.460271 0.011136 0.021318
17 0.865813 0.680233 0.112472 0.418605
17 0.746659 0.572674 0.027840 0.048450
17 0.632517 0.530039 0.020045 0.029070
17 0.458797 0.669574 0.028953 0.040698
17 0.244432 0.879845 0.212695 0.228682
17 0.507795 0.758721 0.040089 0.060078
17 0.426503 0.603682 0.026726 0.036822
17 0.669265 0.868217 0.173719 0.259690
17 0.688196 0.559109 0.026726 0.032946
